1 0 N200108031200-12-02.trans 1
1 0 N200108061200-20-01.trans 1
1 0 N200108061200-20-03.trans 1
1 0 N200108071200-21-10.trans 1
1 0 N200108081200-01-08.trans 1
1 0 N200108091200-04-03.trans 1
1 0 N200108091200-36-01.trans 1
1 0 N200108091200-36-02.trans 1
1 0 N200108091200-36-05.trans 1
1 0 N200108131200-02-01.trans 1
1 0 N200108131200-02-02.trans 1
1 0 N200108131200-02-04.trans 1
1 0 N200108131200-03-01.trans 1
1 0 N200108131200-04-01.trans 1
1 0 N200108131200-04-03.trans 1
1 0 N200108131200-04-07.trans 1
1 0 N200108131200-09-07.trans 1
1 0 N200108131200-12-01.trans 1
1 0 N200108131200-12-02.trans 1
1 0 N200108131200-13-01.trans 1
1 0 N200108131200-13-04.trans 1
1 0 N200108131200-13-05.trans 1
1 0 N200108131200-30-01.trans 1
1 0 N200108131200-30-02.trans 1
1 0 N200108131200-32-01.trans 1
1 0 N200108141200-04-01.trans 1
1 0 N200108141200-05-01.trans 1
1 0 N200108141200-06-01.trans 1
1 0 N200108141200-06-02.trans 1
1 0 N200108141200-32-01.trans 1
1 0 N200108141200-32-08.trans 1
1 0 N200108141200-33-02.trans 1
1 0 N200108151200-08-01.trans 1
1 0 N200108151200-08-08.trans 1
1 0 N200108151200-09-05.trans 1
1 0 N200108151200-09-08.trans 1
1 0 N200108151200-09-11.trans 1
1 0 N200108151200-09-13.trans 1
1 0 N200108151200-19-02.trans 1
1 0 N200108151200-39-01.trans 1
1 0 N200108161200-31-02.trans 1
1 0 N200108161200-31-03.trans 1
1 0 N200108221200-02-01.trans 1
1 0 N200108231200-03-07.trans 1
1 0 N200108231200-13-01.trans 1
1 0 N200108231200-13-04.trans 1
1 0 N200108241200-02-02.trans 1
1 0 N200108241200-02-04.trans 1
1 0 N200108241200-02-05.trans 1
1 0 N200108241200-06-04.trans 1
1 0 N200108241200-15-01.trans 1
1 0 N200108241200-17-02.trans 1
1 0 N200108241200-17-08.trans 1
1 0 N200108241200-17-09.trans 1
1 0 N200108241200-17-10.trans 1
1 0 N200108241200-32-01.trans 1
1 0 N200108241200-32-03.trans 1
1 0 N200108241200-32-04.trans 1
2 0 N200108011200-22-03.trans 1
2 0 N200108021200-12-01.trans 1
2 0 N200108021200-12-04.trans 1
2 0 N200108021200-12-07.trans 1
2 0 N200108061200-12-06.trans 1
2 0 N200108081200-03-11.trans 1
2 0 N200108081200-04-05.trans 1
2 0 N200108081200-04-06.trans 1
2 0 N200108111200-02-11.trans 1
2 0 N200108111200-03-15.trans 1
2 0 N200108131200-06-01.trans 1
2 0 N200108131200-07-02.trans 1
2 0 N200108131200-08-06.trans 1
2 0 N200108131200-09-01.trans 1
2 0 N200108131200-12-10.trans 1
2 0 N200108131200-29-01.trans 1
2 0 N200108151200-05-07.trans 1
2 0 N200108151200-06-02.trans 1
2 0 N200108151200-06-04.trans 1
2 0 N200108161200-03-07.trans 1
2 0 N200108161200-03-09.trans 1
2 0 N200108161200-04-01.trans 1
2 0 N200108171200-01-07.trans 1
2 0 N200108171200-33-07.trans 1
2 0 N200108201200-03-02.trans 1
2 0 N200108231200-03-02.trans 1
2 0 N200108241200-13-01.trans 1
2 0 N200108241200-34-01.trans 1
3 0 N200108061200-24-16.trans 1
3 0 N200108071200-34-03.trans 1
3 0 N200108071200-34-05.trans 1
3 0 N200108071200-34-08.trans 1
3 0 N200108161200-26-11.trans 1
3 0 N200108171200-05-03.trans 1
4 0 N200108021200-26-07.trans 1
4 0 N200108061200-30-06.trans 1
4 0 N200108091200-24-01.trans 1
4 0 N200108111200-08-01.trans 1
4 0 N200108141200-22-01.trans 1
4 0 N200108141200-22-11.trans 1
4 0 N200108151200-39-09.trans 1
4 0 N200108161200-29-09.trans 1
4 0 N200108171200-22-15.trans 1
4 0 N200108221200-17-01.trans 1
4 0 N200108221200-17-03.trans 1
4 0 N200108221200-17-05.trans 1
4 0 N200108231200-11-07.trans 1
5 0 N200108011200-27-01.trans 1
5 0 N200108061200-19-01.trans 1
5 0 N200108091200-08-04.trans 1
5 0 N200108091200-35-07.trans 1
5 0 N200108111200-08-01.trans 1
5 0 N200108111200-08-04.trans 1
5 0 N200108201200-11-05.trans 1
6 0 N200108011200-01-01.trans 1
6 0 N200108011200-02-02.trans 1
6 0 N200108011200-03-01.trans 1
6 0 N200108011200-05-01.trans 1
6 0 N200108011200-06-02.trans 1
6 0 N200108011200-07-13.trans 1
6 0 N200108011200-22-01.trans 1
6 0 N200108011200-30-01.trans 1
6 0 N200108011200-31-01.trans 1
6 0 N200108011200-31-06.trans 1
6 0 N200108011200-32-01.trans 1
6 0 N200108021200-01-01.trans 1
6 0 N200108021200-01-02.trans 1
6 0 N200108021200-01-04.trans 1
6 0 N200108021200-02-01.trans 1
6 0 N200108021200-06-01.trans 1
6 0 N200108021200-07-01.trans 1
6 0 N200108021200-10-01.trans 1
6 0 N200108021200-22-02.trans 1
6 0 N200108031200-01-01.trans 1
6 0 N200108031200-02-10.trans 1
6 0 N200108031200-03-01.trans 1
6 0 N200108031200-04-01.trans 1
6 0 N200108031200-05-01.trans 1
6 0 N200108031200-06-01.trans 1
6 0 N200108031200-07-03.trans 1
6 0 N200108031200-22-01.trans 1
6 0 N200108031200-32-01.trans 1
6 0 N200108031200-33-01.trans 1
6 0 N200108031200-34-01.trans 1
6 0 N200108061200-02-01.trans 1
6 0 N200108061200-02-04.trans 1
6 0 N200108061200-04-01.trans 1
6 0 N200108061200-18-08.trans 1
6 0 N200108061200-32-07.trans 1
6 0 N200108061200-33-01.trans 1
6 0 N200108091200-08-02.trans 1
6 0 N200108091200-09-01.trans 1
6 0 N200108091200-35-10.trans 1
6 0 N200108091200-35-11.trans 1
6 0 N200108111200-04-01.trans 1
6 0 N200108111200-05-01.trans 1
6 0 N200108111200-05-03.trans 1
6 0 N200108141200-15-06.trans 1
6 0 N200108141200-27-01.trans 1
6 0 N200108141200-28-02.trans 1
6 0 N200108151200-13-01.trans 1
6 0 N200108161200-27-01.trans 1
6 0 N200108161200-27-07.trans 1
6 0 N200108171200-24-01.trans 1
6 0 N200108201200-13-01.trans 1
6 0 N200108221200-16-01.trans 1
6 0 N200108221200-18-13.trans 1
6 0 N200108231200-18-01.trans 1
6 0 N200108231200-18-07.trans 1
6 0 N200108231200-18-12.trans 1
6 0 N200108231200-18-13.trans 1
6 0 N200108231200-18-17.trans 1
7 0 N200108011200-02-02.trans 1
7 0 N200108011200-05-04.trans 1
7 0 N200108011200-05-08.trans 1
7 0 N200108021200-01-01.trans 1
7 0 N200108021200-01-04.trans 1
7 0 N200108031200-05-08.trans 1
7 0 N200108031200-23-01.trans 1
7 0 N200108061200-01-09.trans 1
7 0 N200108061200-18-08.trans 1
7 0 N200108061200-32-07.trans 1
7 0 N200108061200-33-01.trans 1
7 0 N200108061200-34-09.trans 1
7 0 N200108091200-08-02.trans 1
7 0 N200108091200-08-06.trans 1
7 0 N200108091200-09-01.trans 1
7 0 N200108091200-10-01.trans 1
7 0 N200108091200-35-06.trans 1
7 0 N200108111200-04-02.trans 1
7 0 N200108111200-06-01.trans 1
7 0 N200108171200-06-07.trans 1
8 0 N200108021200-25-18.trans 1
8 0 N200108061200-06-06.trans 1
8 0 N200108081200-12-01.trans 1
8 0 N200108081200-34-17.trans 1
8 0 N200108091200-24-02.trans 1
8 0 N200108091200-24-05.trans 1
8 0 N200108141200-08-10.trans 1
8 0 N200108141200-22-09.trans 1
8 0 N200108141200-22-13.trans 1
8 0 N200108161200-13-01.trans 1
8 0 N200108161200-13-04.trans 1
8 0 N200108221200-30-06.trans 1
9 0 N200108011200-13-02.trans 1
9 0 N200108021200-23-05.trans 1
9 0 N200108021200-25-10.trans 1
9 0 N200108021200-25-12.trans 1
9 0 N200108021200-25-17.trans 1
9 0 N200108031200-24-02.trans 1
9 0 N200108031200-24-04.trans 1
9 0 N200108061200-07-05.trans 1
9 0 N200108061200-36-06.trans 1
9 0 N200108091200-28-07.trans 1
9 0 N200108131200-31-05.trans 1
9 0 N200108141200-11-01.trans 1
9 0 N200108161200-11-08.trans 1
9 0 N200108201200-13-01.trans 1
9 0 N200108241200-11-03.trans 1
9 0 N200108241200-21-12.trans 1
9 0 N200108241200-27-02.trans 1
9 0 N200108241200-27-04.trans 1
9 0 N200108241200-27-06.trans 1
9 0 N200108241200-33-03.trans 1
9 0 N200108241200-33-05.trans 1
10 0 N200108011200-12-05.trans 1
10 0 N200108011200-12-08.trans 1
10 0 N200108011200-13-05.trans 1
10 0 N200108011200-33-06.trans 1
10 0 N200108021200-23-03.trans 1
10 0 N200108021200-23-04.trans 1
10 0 N200108021200-23-06.trans 1
10 0 N200108021200-25-02.trans 1
10 0 N200108021200-25-06.trans 1
10 0 N200108021200-25-09.trans 1
10 0 N200108031200-15-01.trans 1
10 0 N200108031200-15-06.trans 1
10 0 N200108031200-18-12.trans 1
10 0 N200108031200-19-06.trans 1
10 0 N200108031200-24-03.trans 1
10 0 N200108031200-24-05.trans 1
10 0 N200108031200-24-08.trans 1
10 0 N200108061200-07-01.trans 1
10 0 N200108061200-07-04.trans 1
10 0 N200108061200-07-07.trans 1
10 0 N200108061200-27-09.trans 1
10 0 N200108061200-36-01.trans 1
10 0 N200108061200-36-05.trans 1
10 0 N200108061200-36-08.trans 1
10 0 N200108071200-26-01.trans 1
10 0 N200108071200-26-04.trans 1
10 0 N200108081200-13-02.trans 1
10 0 N200108081200-13-03.trans 1
10 0 N200108081200-13-05.trans 1
10 0 N200108081200-31-08.trans 1
10 0 N200108081200-31-09.trans 1
10 0 N200108081200-40-05.trans 1
10 0 N200108091200-14-04.trans 1
10 0 N200108091200-22-09.trans 1
10 0 N200108091200-22-13.trans 1
10 0 N200108091200-22-15.trans 1
10 0 N200108091200-24-06.trans 1
10 0 N200108111200-07-01.trans 1
10 0 N200108131200-17-01.trans 1
10 0 N200108131200-31-02.trans 1
10 0 N200108131200-31-05.trans 1
10 0 N200108131200-31-07.trans 1
10 0 N200108141200-10-07.trans 1
10 0 N200108141200-12-08.trans 1
10 0 N200108141200-22-08.trans 1
10 0 N200108141200-35-08.trans 1
10 0 N200108151200-01-05.trans 1
10 0 N200108151200-01-11.trans 1
10 0 N200108151200-02-05.trans 1
10 0 N200108151200-02-07.trans 1
10 0 N200108151200-10-04.trans 1
10 0 N200108151200-10-09.trans 1
10 0 N200108161200-11-07.trans 1
10 0 N200108161200-12-05.trans 1
10 0 N200108161200-12-10.trans 1
10 0 N200108161200-12-13.trans 1
10 0 N200108161200-15-11.trans 1
10 0 N200108171200-11-04.trans 1
10 0 N200108171200-12-01.trans 1
10 0 N200108171200-12-03.trans 1
10 0 N200108171200-13-05.trans 1
10 0 N200108171200-14-07.trans 1
10 0 N200108171200-36-09.trans 1
10 0 N200108171200-37-03.trans 1
10 0 N200108171200-37-09.trans 1
10 0 N200108221200-22-13.trans 1
10 0 N200108221200-32-03.trans 1
10 0 N200108221200-32-12.trans 1
10 0 N200108231200-21-07.trans 1
10 0 N200108231200-33-02.trans 1
10 0 N200108241200-03-03.trans 1
10 0 N200108241200-11-02.trans 1
10 0 N200108241200-11-05.trans 1
10 0 N200108241200-19-03.trans 1
10 0 N200108241200-19-04.trans 1
10 0 N200108241200-21-11.trans 1
10 0 N200108241200-21-12.trans 1
10 0 N200108241200-23-07.trans 1
10 0 N200108241200-26-04.trans 1
10 0 N200108241200-27-03.trans 1
10 0 N200108241200-27-06.trans 1
10 0 N200108241200-33-06.trans 1
10 0 N200108241200-34-04.trans 1
10 0 N200108241200-34-07.trans 1
10 0 N200108241200-35-06.trans 1
11 0 N200108011200-12-04.trans 1
11 0 N200108011200-12-08.trans 1
11 0 N200108061200-06-06.trans 1
11 0 N200108061200-26-06.trans 1
11 0 N200108081200-40-01.trans 1
11 0 N200108081200-40-02.trans 1
11 0 N200108081200-40-04.trans 1
11 0 N200108131200-31-02.trans 1
11 0 N200108141200-11-06.trans 1
11 0 N200108141200-11-08.trans 1
11 0 N200108161200-11-02.trans 1
11 0 N200108161200-11-03.trans 1
11 0 N200108161200-11-05.trans 1
11 0 N200108171200-11-02.trans 1
11 0 N200108221200-32-09.trans 1
11 0 N200108241200-11-05.trans 1
11 0 N200108241200-33-06.trans 1
12 0 N200108061200-03-01.trans 1
12 0 N200108141200-27-04.trans 1
12 0 N200108141200-27-05.trans 1
12 0 N200108141200-28-04.trans 1
12 0 N200108151200-14-07.trans 1
13 0 N200108031200-10-01.trans 1
13 0 N200108031200-10-02.trans 1
13 0 N200108031200-10-09.trans 1
13 0 N200108061200-15-01.trans 1
13 0 N200108061200-15-03.trans 1
13 0 N200108061200-15-05.trans 1
13 0 N200108061200-26-07.trans 1
13 0 N200108081200-10-01.trans 1
13 0 N200108081200-10-06.trans 1
13 0 N200108081200-10-08.trans 1
13 0 N200108081200-29-07.trans 1
13 0 N200108091200-21-01.trans 1
13 0 N200108091200-21-03.trans 1
13 0 N200108091200-21-06.trans 1
13 0 N200108091200-21-07.trans 1
13 0 N200108091200-30-02.trans 1
13 0 N200108091200-30-07.trans 1
13 0 N200108131200-31-03.trans 1
13 0 N200108141200-20-05.trans 1
13 0 N200108151200-30-04.trans 1
13 0 N200108171200-28-02.trans 1
13 0 N200108231200-24-01.trans 1
13 0 N200108241200-24-03.trans 1
13 0 N200108241200-29-08.trans 1
14 0 N200108031200-10-03.trans 1
14 0 N200108031200-10-05.trans 1
14 0 N200108061200-15-01.trans 1
14 0 N200108061200-15-03.trans 1
14 0 N200108081200-10-03.trans 1
14 0 N200108081200-10-06.trans 1
14 0 N200108091200-30-06.trans 1
14 0 N200108091200-30-11.trans 1
14 0 N200108161200-25-04.trans 1
14 0 N200108161200-25-09.trans 1
14 0 N200108171200-28-06.trans 1
14 0 N200108201200-16-01.trans 1
15 0 N200108021200-02-08.trans 1
16 0 N200108011200-05-07.trans 1
16 0 N200108011200-16-06.trans 1
16 0 N200108011200-16-10.trans 1
16 0 N200108011200-34-05.trans 1
16 0 N200108011200-36-01.trans 1
16 0 N200108011200-36-02.trans 1
16 0 N200108011200-36-06.trans 1
16 0 N200108021200-09-01.trans 1
16 0 N200108031200-05-02.trans 1
16 0 N200108031200-12-05.trans 1
16 0 N200108031200-12-08.trans 1
16 0 N200108061200-22-12.trans 1
16 0 N200108061200-24-19.trans 1
16 0 N200108061200-24-20.trans 1
16 0 N200108071200-17-02.trans 1
16 0 N200108071200-21-08.trans 1
16 0 N200108071200-23-01.trans 1
16 0 N200108081200-17-01.trans 1
16 0 N200108081200-18-04.trans 1
16 0 N200108081200-18-06.trans 1
16 0 N200108081200-20-04.trans 1
16 0 N200108091200-06-02.trans 1
16 0 N200108091200-25-06.trans 1
16 0 N200108091200-33-01.trans 1
16 0 N200108091200-33-02.trans 1
16 0 N200108091200-33-08.trans 1
16 0 N200108091200-33-14.trans 1
16 0 N200108091200-36-06.trans 1
16 0 N200108111200-01-01.trans 1
16 0 N200108111200-01-05.trans 1
16 0 N200108131200-04-03.trans 1
16 0 N200108131200-09-07.trans 1
16 0 N200108131200-20-04.trans 1
16 0 N200108141200-16-04.trans 1
16 0 N200108141200-17-06.trans 1
16 0 N200108151200-23-01.trans 1
16 0 N200108161200-20-17.trans 1
16 0 N200108161200-21-14.trans 1
16 0 N200108171200-01-01.trans 1
16 0 N200108171200-01-02.trans 1
16 0 N200108171200-01-05.trans 1
16 0 N200108171200-01-07.trans 1
16 0 N200108171200-22-01.trans 1
16 0 N200108171200-22-02.trans 1
16 0 N200108171200-22-03.trans 1
16 0 N200108171200-22-04.trans 1
16 0 N200108171200-22-06.trans 1
16 0 N200108171200-22-18.trans 1
16 0 N200108171200-31-06.trans 1
16 0 N200108171200-33-01.trans 1
16 0 N200108171200-33-02.trans 1
16 0 N200108171200-33-05.trans 1
16 0 N200108171200-33-08.trans 1
16 0 N200108201200-04-07.trans 1
16 0 N200108201200-06-01.trans 1
16 0 N200108201200-07-01.trans 1
16 0 N200108201200-07-11.trans 1
16 0 N200108201200-08-01.trans 1
16 0 N200108201200-17-01.trans 1
16 0 N200108201200-17-06.trans 1
16 0 N200108221200-14-01.trans 1
16 0 N200108231200-13-02.trans 1
16 0 N200108231200-15-01.trans 1
16 0 N200108231200-15-02.trans 1
16 0 N200108231200-15-04.trans 1
16 0 N200108231200-15-07.trans 1
16 0 N200108231200-16-01.trans 1
16 0 N200108231200-16-03.trans 1
16 0 N200108231200-16-06.trans 1
16 0 N200108231200-29-01.trans 1
16 0 N200108241200-01-03.trans 1
16 0 N200108241200-01-09.trans 1
16 0 N200108241200-04-01.trans 1
16 0 N200108241200-05-04.trans 1
16 0 N200108241200-06-01.trans 1
16 0 N200108241200-06-03.trans 1
16 0 N200108241200-06-07.trans 1
16 0 N200108241200-14-01.trans 1
16 0 N200108241200-26-01.trans 1
16 0 N200108241200-31-02.trans 1
16 0 N200108241200-31-06.trans 1
17 0 N200108151200-01-02.trans 1
17 0 N200108151200-01-09.trans 1
17 0 N200108151200-02-01.trans 1
17 0 N200108221200-22-07.trans 1
18 0 N200108111200-08-01.trans 1
18 0 N200108141200-35-03.trans 1
18 0 N200108161200-14-03.trans 1
18 0 N200108171200-08-01.trans 1
18 0 N200108201200-14-01.trans 1
18 0 N200108201200-14-05.trans 1
18 0 N200108221200-20-16.trans 1
18 0 N200108221200-22-07.trans 1
18 0 N200108231200-19-03.trans 1
18 0 N200108231200-19-04.trans 1
18 0 N200108241200-25-02.trans 1
19 0 N200108011200-02-02.trans 1
19 0 N200108011200-02-07.trans 1
19 0 N200108011200-02-10.trans 1
19 0 N200108011200-03-07.trans 1
19 0 N200108011200-03-09.trans 1
19 0 N200108011200-06-02.trans 1
19 0 N200108011200-31-02.trans 1
19 0 N200108091200-09-15.trans 1
19 0 N200108091200-09-16.trans 1
19 0 N200108091200-10-01.trans 1
19 0 N200108091200-10-05.trans 1
19 0 N200108091200-10-07.trans 1
19 0 N200108091200-10-12.trans 1
19 0 N200108111200-05-07.trans 1
20 0 N200108011200-02-02.trans 1
20 0 N200108011200-19-05.trans 1
20 0 N200108021200-01-01.trans 1
20 0 N200108021200-01-06.trans 1
20 0 N200108021200-01-08.trans 1
20 0 N200108021200-06-04.trans 1
20 0 N200108021200-10-01.trans 1
20 0 N200108021200-17-03.trans 1
20 0 N200108021200-17-06.trans 1
20 0 N200108021200-17-13.trans 1
20 0 N200108021200-17-19.trans 1
20 0 N200108021200-26-02.trans 1
20 0 N200108031200-02-01.trans 1
20 0 N200108031200-31-06.trans 1
20 0 N200108031200-31-14.trans 1
20 0 N200108061200-01-02.trans 1
20 0 N200108061200-02-01.trans 1
20 0 N200108061200-04-01.trans 1
20 0 N200108061200-33-01.trans 1
20 0 N200108081200-15-04.trans 1
20 0 N200108091200-09-04.trans 1
20 0 N200108091200-09-05.trans 1
20 0 N200108141200-27-01.trans 1
20 0 N200108141200-28-02.trans 1
20 0 N200108141200-28-05.trans 1
20 0 N200108151200-13-06.trans 1
20 0 N200108161200-15-07.trans 1
21 0 N200108081200-07-06.trans 1
21 0 N200108091200-13-01.trans 1
21 0 N200108091200-13-04.trans 1
21 0 N200108131200-16-05.trans 1
21 0 N200108141200-09-04.trans 1
21 0 N200108221200-22-01.trans 1
21 0 N200108221200-22-05.trans 1
21 0 N200108221200-22-08.trans 1
21 0 N200108221200-22-10.trans 1
21 0 N200108221200-22-11.trans 1
21 0 N200108241200-13-07.trans 1
22 0 N200108021200-20-05.trans 1
22 0 N200108021200-20-08.trans 1
22 0 N200108061200-27-01.trans 1
22 0 N200108091200-22-12.trans 1
22 0 N200108091200-22-14.trans 1
22 0 N200108131200-16-05.trans 1
22 0 N200108201200-11-03.trans 1
22 0 N200108201200-11-15.trans 1
22 0 N200108201200-12-11.trans 1
23 0 N200108011200-10-06.trans 1
23 0 N200108021200-20-11.trans 1
23 0 N200108031200-14-04.trans 1
23 0 N200108071200-25-03.trans 1
23 0 N200108071200-31-03.trans 1
23 0 N200108131200-15-06.trans 1
23 0 N200108131200-16-07.trans 1
23 0 N200108141200-08-05.trans 1
23 0 N200108171200-05-03.trans 1
23 0 N200108171200-14-06.trans 1
23 0 N200108171200-27-03.trans 1
23 0 N200108171200-27-12.trans 1
23 0 N200108171200-37-09.trans 1
23 0 N200108221200-22-02.trans 1
23 0 N200108241200-12-05.trans 1
24 0 N200108011200-10-02.trans 1
24 0 N200108011200-10-03.trans 1
24 0 N200108011200-11-02.trans 1
24 0 N200108011200-11-03.trans 1
24 0 N200108031200-02-01.trans 1
24 0 N200108031200-02-07.trans 1
24 0 N200108031200-14-02.trans 1
24 0 N200108031200-25-01.trans 1
24 0 N200108031200-25-05.trans 1
24 0 N200108071200-35-05.trans 1
24 0 N200108081200-08-05.trans 1
24 0 N200108081200-08-08.trans 1
24 0 N200108081200-09-07.trans 1
24 0 N200108091200-27-04.trans 1
24 0 N200108091200-27-09.trans 1
24 0 N200108131200-17-01.trans 1
24 0 N200108131200-17-03.trans 1
24 0 N200108131200-17-12.trans 1
24 0 N200108131200-22-01.trans 1
24 0 N200108131200-22-02.trans 1
24 0 N200108151200-28-01.trans 1
24 0 N200108161200-10-01.trans 1
24 0 N200108161200-10-02.trans 1
24 0 N200108161200-10-04.trans 1
24 0 N200108171200-06-02.trans 1
24 0 N200108171200-06-04.trans 1
24 0 N200108171200-07-01.trans 1
24 0 N200108171200-07-04.trans 1
24 0 N200108171200-07-07.trans 1
24 0 N200108171200-09-07.trans 1
24 0 N200108201200-15-02.trans 1
24 0 N200108221200-15-01.trans 1
24 0 N200108221200-21-01.trans 1
24 0 N200108221200-24-01.trans 1
24 0 N200108221200-24-02.trans 1
24 0 N200108221200-24-11.trans 1
25 0 N200108031200-02-01.trans 1
25 0 N200108031200-02-02.trans 1
25 0 N200108031200-02-08.trans 1
25 0 N200108031200-13-26.trans 1
25 0 N200108031200-17-09.trans 1
25 0 N200108071200-27-01.trans 1
25 0 N200108071200-27-05.trans 1
25 0 N200108071200-27-10.trans 1
25 0 N200108071200-35-02.trans 1
25 0 N200108131200-17-04.trans 1
25 0 N200108131200-22-02.trans 1
25 0 N200108131200-22-05.trans 1
25 0 N200108131200-22-07.trans 1
25 0 N200108151200-28-03.trans 1
25 0 N200108161200-10-09.trans 1
25 0 N200108171200-06-02.trans 1
25 0 N200108171200-06-03.trans 1
25 0 N200108171200-06-07.trans 1
25 0 N200108171200-13-03.trans 1
25 0 N200108221200-15-03.trans 1
25 0 N200108221200-24-01.trans 1
25 0 N200108231200-32-06.trans 1
25 0 N200108231200-32-07.trans 1
26 0 N200108021200-14-01.trans 1
26 0 N200108021200-14-07.trans 1
26 0 N200108021200-14-08.trans 1
26 0 N200108031200-02-05.trans 1
26 0 N200108071200-27-04.trans 1
26 0 N200108091200-16-07.trans 1
26 0 N200108141200-19-08.trans 1
26 0 N200108141200-20-01.trans 1
26 0 N200108141200-20-06.trans 1
26 0 N200108141200-37-05.trans 1
26 0 N200108161200-27-01.trans 1
26 0 N200108161200-27-05.trans 1
26 0 N200108171200-13-02.trans 1
26 0 N200108171200-23-02.trans 1
26 0 N200108221200-25-05.trans 1
26 0 N200108221200-25-08.trans 1
26 0 N200108231200-32-01.trans 1
26 0 N200108231200-32-02.trans 1
26 0 N200108231200-32-05.trans 1
26 0 N200108231200-32-08.trans 1
26 0 N200108231200-32-09.trans 1
26 0 N200108241200-25-01.trans 1
27 0 N200108061200-01-01.trans 1
27 0 N200108061200-01-06.trans 1
27 0 N200108071200-18-06.trans 1
27 0 N200108071200-29-01.trans 1
27 0 N200108081200-33-09.trans 1
27 0 N200108131200-26-01.trans 1
27 0 N200108161200-29-09.trans 1
27 0 N200108231200-21-01.trans 1
28 0 N200108021200-15-04.trans 1
28 0 N200108031200-04-06.trans 1
28 0 N200108031200-34-05.trans 1
28 0 N200108071200-18-05.trans 1
28 0 N200108071200-18-06.trans 1
28 0 N200108071200-33-05.trans 1
28 0 N200108081200-33-04.trans 1
28 0 N200108081200-33-10.trans 1
28 0 N200108081200-33-12.trans 1
28 0 N200108131200-03-08.trans 1
28 0 N200108131200-32-07.trans 1
28 0 N200108151200-30-01.trans 1
28 0 N200108151200-30-02.trans 1
28 0 N200108151200-30-04.trans 1
28 0 N200108171200-20-06.trans 1
28 0 N200108171200-21-03.trans 1
28 0 N200108171200-21-04.trans 1
28 0 N200108171200-21-08.trans 1
28 0 N200108171200-21-10.trans 1
28 0 N200108221200-27-07.trans 1
28 0 N200108221200-27-12.trans 1
28 0 N200108231200-15-04.trans 1
28 0 N200108231200-15-07.trans 1
28 0 N200108231200-16-01.trans 1
28 0 N200108231200-16-04.trans 1
29 0 N200108011200-02-02.trans 1
29 0 N200108011200-02-09.trans 1
29 0 N200108011200-02-13.trans 1
29 0 N200108011200-02-24.trans 1
29 0 N200108011200-09-14.trans 1
29 0 N200108011200-09-17.trans 1
29 0 N200108011200-22-06.trans 1
29 0 N200108011200-24-01.trans 1
29 0 N200108011200-24-02.trans 1
29 0 N200108011200-24-03.trans 1
29 0 N200108011200-24-06.trans 1
29 0 N200108011200-24-13.trans 1
29 0 N200108011200-24-14.trans 1
29 0 N200108011200-31-03.trans 1
29 0 N200108011200-31-04.trans 1
29 0 N200108011200-31-05.trans 1
29 0 N200108011200-35-02.trans 1
29 0 N200108011200-35-08.trans 1
29 0 N200108021200-26-17.trans 1
29 0 N200108031200-09-05.trans 1
29 0 N200108031200-12-02.trans 1
29 0 N200108031200-23-01.trans 1
29 0 N200108031200-23-02.trans 1
29 0 N200108031200-23-03.trans 1
29 0 N200108031200-23-05.trans 1
29 0 N200108031200-28-02.trans 1
29 0 N200108031200-28-04.trans 1
29 0 N200108031200-28-07.trans 1
29 0 N200108031200-28-15.trans 1
29 0 N200108031200-28-18.trans 1
29 0 N200108031200-35-08.trans 1
29 0 N200108031200-37-05.trans 1
29 0 N200108061200-06-03.trans 1
29 0 N200108061200-24-01.trans 1
29 0 N200108061200-24-02.trans 1
29 0 N200108061200-24-03.trans 1
29 0 N200108061200-24-14.trans 1
29 0 N200108061200-24-17.trans 1
29 0 N200108071200-21-01.trans 1
29 0 N200108071200-22-02.trans 1
29 0 N200108071200-33-06.trans 1
29 0 N200108071200-33-11.trans 1
29 0 N200108071200-34-02.trans 1
29 0 N200108081200-01-03.trans 1
29 0 N200108081200-17-01.trans 1
29 0 N200108081200-17-02.trans 1
29 0 N200108081200-17-03.trans 1
29 0 N200108081200-17-07.trans 1
29 0 N200108081200-21-01.trans 1
29 0 N200108081200-21-03.trans 1
29 0 N200108081200-21-04.trans 1
29 0 N200108081200-21-05.trans 1
29 0 N200108081200-21-06.trans 1
29 0 N200108081200-27-01.trans 1
29 0 N200108081200-39-08.trans 1
29 0 N200108091200-04-04.trans 1
29 0 N200108091200-04-06.trans 1
29 0 N200108091200-15-03.trans 1
29 0 N200108091200-25-01.trans 1
29 0 N200108091200-35-05.trans 1
29 0 N200108091200-35-07.trans 1
29 0 N200108111200-01-01.trans 1
29 0 N200108111200-01-02.trans 1
29 0 N200108111200-03-06.trans 1
29 0 N200108111200-03-07.trans 1
29 0 N200108111200-04-02.trans 1
29 0 N200108111200-04-04.trans 1
29 0 N200108111200-04-07.trans 1
29 0 N200108131200-07-02.trans 1
29 0 N200108131200-07-03.trans 1
29 0 N200108131200-14-03.trans 1
29 0 N200108131200-14-05.trans 1
29 0 N200108131200-19-09.trans 1
29 0 N200108141200-04-02.trans 1
29 0 N200108141200-04-03.trans 1
29 0 N200108141200-04-05.trans 1
29 0 N200108141200-05-01.trans 1
29 0 N200108141200-06-05.trans 1
29 0 N200108141200-06-07.trans 1
29 0 N200108141200-28-03.trans 1
29 0 N200108141200-30-01.trans 1
29 0 N200108141200-32-02.trans 1
29 0 N200108141200-32-03.trans 1
29 0 N200108141200-32-09.trans 1
29 0 N200108141200-33-01.trans 1
29 0 N200108141200-33-02.trans 1
29 0 N200108141200-33-05.trans 1
29 0 N200108141200-33-12.trans 1
29 0 N200108141200-33-13.trans 1
29 0 N200108151200-08-02.trans 1
29 0 N200108151200-09-01.trans 1
29 0 N200108151200-09-02.trans 1
29 0 N200108151200-09-07.trans 1
29 0 N200108151200-15-02.trans 1
29 0 N200108151200-19-01.trans 1
29 0 N200108151200-19-02.trans 1
29 0 N200108151200-38-02.trans 1
29 0 N200108161200-02-09.trans 1
29 0 N200108161200-06-02.trans 1
29 0 N200108161200-06-03.trans 1
29 0 N200108161200-07-01.trans 1
29 0 N200108161200-07-03.trans 1
29 0 N200108161200-07-08.trans 1
29 0 N200108161200-21-18.trans 1
29 0 N200108171200-09-08.trans 1
29 0 N200108171200-16-01.trans 1
29 0 N200108171200-16-09.trans 1
29 0 N200108171200-17-01.trans 1
29 0 N200108171200-17-05.trans 1
29 0 N200108201200-01-01.trans 1
29 0 N200108201200-01-05.trans 1
29 0 N200108201200-03-09.trans 1
29 0 N200108201200-04-03.trans 1
29 0 N200108201200-04-04.trans 1
29 0 N200108201200-05-01.trans 1
29 0 N200108201200-17-02.trans 1
29 0 N200108221200-19-02.trans 1
29 0 N200108221200-21-01.trans 1
29 0 N200108221200-21-08.trans 1
29 0 N200108231200-03-06.trans 1
29 0 N200108231200-05-02.trans 1
29 0 N200108231200-05-05.trans 1
29 0 N200108231200-05-07.trans 1
29 0 N200108231200-14-02.trans 1
29 0 N200108231200-14-03.trans 1
29 0 N200108231200-30-02.trans 1
29 0 N200108231200-30-03.trans 1
29 0 N200108231200-30-08.trans 1
29 0 N200108241200-01-02.trans 1
29 0 N200108241200-01-06.trans 1
29 0 N200108241200-01-09.trans 1
29 0 N200108241200-06-05.trans 1
29 0 N200108241200-07-01.trans 1
29 0 N200108241200-08-01.trans 1
30 0 N200108011200-16-05.trans 1
30 0 N200108011200-17-09.trans 1
30 0 N200108011200-17-10.trans 1
30 0 N200108011200-18-01.trans 1
30 0 N200108011200-18-02.trans 1
30 0 N200108011200-18-05.trans 1
30 0 N200108011200-19-01.trans 1
30 0 N200108011200-19-06.trans 1
30 0 N200108021200-16-01.trans 1
30 0 N200108021200-17-01.trans 1
30 0 N200108021200-17-04.trans 1
30 0 N200108021200-17-07.trans 1
30 0 N200108021200-17-08.trans 1
30 0 N200108021200-17-09.trans 1
30 0 N200108021200-17-12.trans 1
30 0 N200108021200-17-20.trans 1
30 0 N200108031200-31-01.trans 1
30 0 N200108031200-31-02.trans 1
30 0 N200108031200-31-03.trans 1
30 0 N200108031200-31-04.trans 1
30 0 N200108031200-31-08.trans 1
30 0 N200108031200-31-10.trans 1
30 0 N200108061200-20-01.trans 1
30 0 N200108061200-20-02.trans 1
30 0 N200108061200-20-04.trans 1
30 0 N200108061200-21-03.trans 1
30 0 N200108061200-21-04.trans 1
30 0 N200108061200-21-10.trans 1
30 0 N200108061200-21-12.trans 1
30 0 N200108131200-21-11.trans 1
30 0 N200108131200-24-05.trans 1
30 0 N200108131200-25-04.trans 1
30 0 N200108131200-25-07.trans 1
30 0 N200108131200-25-12.trans 1
30 0 N200108161200-33-01.trans 1
30 0 N200108221200-32-02.trans 1
30 0 N200108221200-32-07.trans 1
